-212.26
-212.26
-212.26
-212.26
-212.26
-212.26
-212.26
-212.26
-212.26
-212.26
-212.26
-212.26
-212.26
-212.26
-212.26
-212.26
-212.26
-212.26
-212.26
-212.26
-212.26
-212.26
-212.26
-212.26
-212.26
-212.26
-212.26
-212.26
-212.26
-212.26
-212.26
-212.26
-212.26
-212.26
-212.26
-212.26
-212.26
-212.26
-212.26
-212.26
-212.26
-212.26
-212.26
-212.26
-212.26
-212.26
-212.26
-212.26
-212.26
-212.26
-212.26
-212.26
-219.797
-219.797
-219.797
-219.797
-219.797
-219.797
-219.797
-255.978
-255.978
-255.978
-255.978
-255.978
-255.978
-255.978
-257.752
-257.752
-298.053
-298.053
-298.053
-298.053
-298.053
-298.053
-298.053
-298.053
-298.053
-298.053
-298.053
-298.053
-298.053
-298.053
-298.053
-298.053
-409.283
-409.283
-409.283
-409.283
-409.283
-409.283
-409.283
-409.283
-409.283
-409.283
-409.283
-409.283
-409.283
-409.283
-409.283
-409.283
